A-n39
Alpha 0,2 855,6601096278863
Alpha 0,5 851,4798382595931
Alpha 0,7 849,7991767915256
Alpha 0,9 852,728246444456
Alpha 1 852,9477550728684
Alpha 2 867,2264293822459
Beta 0,1 911,4745561946162
Beta 0,5 868,3510268323887
Beta 1 854,3689739034003
Beta 2 850,7301911075166
Beta 5 865,143384746051
Beta 10 884,8970045481416
q0 0,2 851,9965648488671
q0 0,4 849,830565061263
q0 0,5 853,5094968563368
q0 0,7 856,5520106532978
q0 0,8 858,5139752373084
q0 0,9 871,5056132877158
Tau 0,005 852,0397333840343
Tau 0,01 849,4778675108396
Tau 0,05 855,2469844519326
Tau 0,1 861,5060868761917
Tau 0,3 880,6631230823629
Eta 0,005 850,1563214289872
Eta 0,01 852,6685368862206
Eta 0,05 852,4508359739186
Eta 0,1 852,4309990721696
Eta 0,2 855,799803323258
Eta 0,5 857,1072880596379
Eta 0,9 862,639911459656
Q 0,01 856,8077985558881
Q 0,1 851,3274992445128
Q 1 849,9923607402751
Q 100 867,4320160167028
Q 1000 869,7888419747782
Q 5000 885,1947541352299
Stagnation 50 860,4790497316898
Stagnation 100 851,9934196803682
Stagnation 300 852,6594293578129
Stagnation 600 850,7198264531697
Stagnation 1000 853,5818782818567
Stagnation 2000 854,2097308457098
Ants 5 862,6326635119112
Ants 10 858,9145150579666
Ants 20 851,4132275046337
Ants 30 849,7440562806825
Ants 40 850,5497649878563
Iterations 50 937,9541438055592
Iterations 100 907,1729354759968
Iterations 500 862,8047047946311
Iterations 1000 856,2474283549708
-dodac jeszcze iteracje

A-n48
Alpha 0,2 1154,4053950763177
Alpha 0,5 1137,0677576252565
Alpha 0,7 1143,4377762428744
Alpha 0,9 1145,505516404112
Alpha 1 1150,1044093386486
Alpha 2 1174,6279322957387
Beta 0,1 1246,713036963345
Beta 0,5 1202,4678906022107
Beta 1 1161,289741768028
Beta 2 1142,743942116232
Beta 5 1150,184547175638
Beta 10 1165,4768668191316
q0 0,2 1139,9354649844936
q0 0,4 1136,1725757423415
q0 0,5 1149,6915037158399
q0 0,7 1143,5503266267592
q0 0,8 1162,43748124288
q0 0,9 1164,0636351613425
Tau 0,005 1139,070475016926
Tau 0,01 1144,860196689177
Tau 0,05 1158,7333626644477
Tau 0,1 1173,482882550163
Tau 0,2 1177,7925338156847
Tau 0,3 1186,4842439847869
Eta 0,005 1147,8541167744334
Eta 0,01 1146,0196717772362
Eta 0,05 1144,1368504018217
Eta 0,1 1146,6425375794502
Eta 0,2 1154,77407199119
Eta 0,5 1162,8769985824752
Eta 0,9 1169,331010441079
Q 0,01 1149,9617471690644
Q 0,1 1145,946695646947
Q 1 1142,331103212806
Q 100 1163,6640167524379
Q 1000 1188,1751691797188
Q 5000 1189,9194225385218
Stagnation 50 1184,9311063006082
Stagnation 100 1145,1907186169099
Stagnation 300 1137,9498859776384
Stagnation 600 1142,422979828287
Stagnation 1000 1147,4181055943275
Stagnation 2000 1143,0368865193295
Ants 5 1167,2860872350464
Ants 10 1146,7978535535829
Ants 20 1145,1122487678601
Ants 30 1135,3756912507254
Ants 40 1127,8498952173663
Iterations 50 1287,2025122313546
Iterations 100 1240,2407465398824
Iterations 500 1159,8746873832495
Iterations 1000 1144,2156613915265
Iterations 2000 1144,6223220355919
Iterations 4000 1137,4788742884366
Iterations 5000 1125,6208270491284

P-n60
Alpha 0,2 834,3990140047713
Alpha 0,5 809,1742876736749
Alpha 0,7 811,4031181558271
Alpha 0,9 810,9698848501714
Alpha 1 817,9456798909594
Alpha 2 842,225754125867
Beta 0,1 910,8155257133861
Beta 0,5 877,0424507817057
Beta 1 842,8075095095264
Beta 2 812,4214437709231
Beta 5 801,0623966815091
Beta 10 807,8502917459779
q0 0,2 812,4330517666278
q0 0,4 813,0858099020062
q0 0,5 809,1110003612814
q0 0,7 805,4633850883159
q0 0,8 806,0371771943303
q0 0,9 809,5820439896639
Tau 0,005 809,7532151833421
Tau 0,01 802,81786063082
Tau 0,05 817,9182169090324
Tau 0,1 834,417884471124
Tau 0,2 847,4141807165475
Tau 0,3 855,8256040750808
Eta 0,005 806,8666899949718
Eta 0,01 811,0474136711961
Eta 0,05 813,5220228727947
Eta 0,1 814,4751123644302
Eta 0,2 821,3139450379674
Eta 0,5 830,9546668763477
Eta 0,9 827,9372547957265
Q 0,01 812,1486300331665
Q 0,1 813,3484461122217
Q 1 818,589632285132
Q 100 824,9362518666109
Q 1000 844,0817565387783
Q 5000 850,61213202774
Stagnation 50 845,672328266061
Stagnation 100 818,2147558326403
Stagnation 300 810,5360393213276
Stagnation 600 810,8002577485337
Stagnation 1000 810,4010106270003
Stagnation 2000 807,724541230663
Ants 5 833,8786460840663
Ants 10 815,829547805788
Ants 20 809,0352997955166
Ants 30 803,6221323796539
Ants 40 801,902344785361
Iterations 50 944,1030356222891
Iterations 100 912,7113373437844
Iterations 500 830,0020439675401
---dodoac jeszcze iteracje

A-n32
Alpha 0,2 797,7589169326615
Alpha 0,5 797,5680297270213
Alpha 0,7 795,928494944625
Alpha 0,9 799,0830858950493
Alpha 1 800,0684472498843
Alpha 2 818,7837966224122
Beta 0,1 839,368653152313
Beta 0,5 818,5446433478004
Beta 1 803,5230743209839
Beta 2 796,6410561682595
Beta 5 809,089864194735
Beta 10 830,0401172009467
q0 0,2 795,559539428071
q0 0,4 798,3017355183935
q0 0,5 798,5305327571999
q0 0,7 804,6780593255874
q0 0,8 815,344359255649
q0 0,9 822,8933864191902
Tau 0,005 796,3493929726603
Tau 0,01 796,8314854626213
Tau 0,05 806,0623109987228
Tau 0,1 808,37607354118
Tau 0,2 820,2364594402407
Tau 0,3 826,7968060969514
Eta 0,005 797,2776039341334
Eta 0,01 798,499708544409
Eta 0,05 800,2996360357148
Eta 0,1 804,4115030783545
Eta 0,2 804,4947440137352
Eta 0,5 810,0639103537623
Eta 0,9 811,8443160631468
Q 0,01 800,548074468207
Q 0,1 796,516096585123
Q 1 795,01914861543
Q 100 812,279742796202
Q 1000 826,7910913791742
Q 5000 839,9011183883532
Stagnation 50 802,6448534839773
Stagnation 100 794,9444238685735
Stagnation 300 797,787286077386
Stagnation 600 796,4599222829135
Stagnation 1000 803,8483190145987
Stagnation 2000 803,1546709525682
Ants 5 806,9299885677104
Ants 10 804,2538354023874
Ants 20 799,7275095498956
Ants 30 795,8520530311738
Ants 40 792,0495492530196
Iterations 50 847,8872782590236
Iterations 100 830,2063312823866
Iterations 500 804,5681322760353
Iterations 1000 804,0263651529333
Iterations 2000 796,5306356802529
Iterations 4000 793,3773967612908
Iterations 5000 791,1004681883842

A-n45
Alpha 0,2 544,899039599412
Alpha 0,5 534,9483216719112
Alpha 0,7 536,7577560442013
Alpha 0,9 537,9292113683363
Alpha 1 541,6300871426315
Alpha 2 554,8289818915299
Beta 0,1 596,1082706563717
Beta 0,5 572,0819138162777
Beta 1 549,7122283287413
Beta 2 540,2695573864261
Beta 5 533,6652431407523
Beta 10 541,5778188577754
q0 0,2 535,4438807907742
q0 0,4 535,674105575712
q0 0,5 535,4867259462985
q0 0,7 538,7689348595172
q0 0,8 543,7160122483336
q0 0,9 552,4585937173416
Tau 0,005 533,938296497265
Tau 0,01 534,9800228836541
Tau 0,05 547,1059356469221
Tau 0,1 550,7342902323073
Tau 0,2 557,598260816092
Tau 0,3 567,0282269110612
Eta 0,005 534,1470944215192
Eta 0,01 535,6761811223605
Eta 0,05 538,3759258134048
Eta 0,1 537,596375492317
Eta 0,2 539,9338343751922
Eta 0,5 539,6985288308371
Eta 0,9 545,0619135103907
Q 0,01 536,8748267420276
Q 0,1 533,3164571172751
Q 1 537,3300495809287
Q 100 549,3536475611005
Q 1000 559,7172633056845
Q 5000 566,5088947311676
Stagnation 50 550,1008108010645
Stagnation 100 536,8719242211188
Stagnation 300 534,2628333153767
Stagnation 600 536,4038594806428
Stagnation 1000 538,5430699053893
Stagnation 2000 539,2968474633237
Ants 5 544,9481831946563
Ants 10 540,2660224818443
Ants 20 534,8895150325503
Ants 30 532,979557830219
Ants 40 527,168035705254
Iterations 50 628,7363103798788
Iterations 100 593,1126048284171
Iterations 500 549,753397919248
Iterations 1000 541,8756486867591
Iterations 2000 532,4191638376786
Iterations 4000 530,304801611023
Iterations 5000 528,4860093971257

ALFY
Alpha 0,35 851,5477646542219
Alpha 1,3 857,351023651688
Alpha 1,6 863,843553098491

Alpha 0,35 1137,213450949198
Alpha 1,3 1154,7895169639362
Alpha 1,6 1167,9825420981515

Alpha 0,35 809,5148349944144
Alpha 1,3 817,2529211082976
Alpha 0,35 812,2668409044949

Alpha 0,35 796,474529649841
Alpha 1,3 804,5054779240911
Alpha 1,6 805,2846191138124


Alpha 0,35 535,1159654012893
Alpha 1,3 543,0812651757708
Alpha 1,6 548,276296593316

Tau 0,2 870,8258561896433

P-n60
Iterations 50 936,3715071411768
Iterations 100 910,8345778014931
Iterations 500 825,835353596681
Iterations 1000 816,4072373233307
Iterations 2000 808,8593594409234
Iterations 4000 805,4191257723664
Iterations 5000 797,9383519694348

A-n39
Alpha 50 933,8903183980112
Alpha 100 905,6298162992898
Alpha 500 865,9566915481829
Alpha 1000 857,2060245667425
Alpha 2000 857,0279704292604
Alpha 4000 849,2518768439899
Alpha 5000 846,9427254168141


Alpha 0,2 830,8878241626569
Alpha 0,35 811,0083775759805
Alpha 0,5 806,0930619229837
Alpha 0,7 815,6373392156929
Alpha 0,9 808,3316813577172
Alpha 1 819,6947824912563
Alpha 1,3 826,1031753148691
Alpha 1,6 834,5243176020936
Alpha 2 836,5133800271719
Alpha 0,2 1134,150421041852
Alpha 0,35 1144,3502206019155
Alpha 0,5 1141,617804117789
Rozwiązanie: 0 789,5705961051601
Rozwiązanie: 0 788,3702293534474
Rozwiązanie: 0 853,6456531519316
